0	3	15	28	39	51
1	21	29	43	44	45	56	72
2	11	42	62	65
3	0	6	20
4	30	44	66	69
5	14	23	43	47	58	62	64
6	3	23	26	35	73
7	14	21	36	39	45	74
8	74
9	12	25	74	79
10	31	76
11	2
12	9	18	40	63	79
13	19	29	73	79
14	5	7	25
15	0	38	52	55	57
16	46
17	39	50
18	12	33
19	13	40	43	64	75	78
20	3	49	51
21	1	7	32	36	40
22	43	45	59	64
23	5	6	24	60	68	75
24	23
25	9	14	37	55	72
26	6
27	52	69
28	0	51
29	1	13	37	70
30	4
31	10	46
32	21	39	61	66
33	18
34	42	56	66
35	6	42	58	62
36	7	21	48	51
37	25	29	50	74	76
38	15	69
39	0	7	17	32	70	73
40	12	19	21	41	45	57	58
41	40	43	44	49
42	2	34	35
43	1	5	19	22	41
44	1	4	41
45	1	7	22	40	46	58	59	69
46	16	31	45	47
47	5	46	59
48	36	62	71
49	20	41	79
50	17	37	67
51	0	20	28	36	79
52	15	27	64	78
53	54	58	69
54	53	68	75
55	15	25	66
56	1	34	65
57	15	40	59	62	79
58	5	35	40	45	53	74
59	22	45	47	57
60	23
61	32	74
62	2	5	35	48	57	67	76
63	12
64	5	19	22	52	71
65	2	56
66	4	32	34	55	68
67	50	62	77
68	23	54	66
69	4	27	38	45	53
70	29	39
71	48	64	73	76
72	1	25	73
73	6	13	39	71	72
74	7	8	9	37	58	61
75	19	23	54
76	10	37	62	71
77	67
78	19	52	79
79	9	12	13	49	51	57	78