0	3	15	28	39	51	99
1	9	23	24	25	36	52	68	99
2	22	25	42	56
3	0	45	59	81	84
4	8	17	37	41	52	56	58	90	93
5	8	46	59	66	81	84	90
6	26	97
7	13	26	75	80
8	4	5	10	55
9	1	42	64	87
10	8	14	20	30	74	80	91
11	80	94	97	99
12	64
13	7	33	44	88
14	10	70	73	94
15	0	21	24	54	56	95	99
16	20	80	82	96
17	4	19	71	79	86
18	76	94
19	17	31
20	10	16	37	54	87
21	15	45	78
22	2	74
23	1	38	60	65
24	1	15	57	71	81
25	1	2	27	43	47	76	79
26	6	7	47	71	73
27	25	35	76	79	86	90
28	0	29	31	32	55	56	61
29	28
30	10	61	73	74	84	95
31	19	28	71
32	28	38	47	85
33	13	36	76	88
34	37	39	43	54	78	85
35	27	36	58	74	77	94
36	1	33	35	47
37	4	20	34	42	52	61	87
38	23	32	50	71
39	0	34	45	48	52	79	85
40	90	92
41	4	74	77	80
42	2	9	37	50	66
43	25	34	51	61
44	13
45	3	21	39
46	5	57	76	81	95
47	25	26	32	36	48	50	75	76
48	39	47	71	95
49	92
50	38	42	47	58
51	0	43	63
52	1	4	37	39
53	63
54	15	20	34	65	83
55	8	28	58	60	62	99
56	2	4	15	28	84	93	95
57	24	46	67
58	4	35	50	55	77
59	3	5	70
60	23	55	81
61	28	30	37	43	62	63	79
62	55	61	95
63	51	53	61	69	83	95
64	9	12
65	23	54	74	80	88
66	5	42	73	86
67	57	76	84	91
68	1
69	63	84	91
70	14	59	83	91
71	17	24	26	31	38	48
72	75
73	14	26	30	66	86
74	10	22	30	35	41	65
75	7	47	72	78
76	18	25	27	33	46	47	67	93
77	35	41	58	91
78	21	34	75	89
79	17	25	27	39	61
80	7	10	11	16	41	65
81	3	5	24	46	60
82	16
83	54	63	70	88
84	3	5	30	56	67	69
85	32	34	39
86	17	27	66	73
87	9	20	37
88	13	33	65	83
89	78	96
90	4	5	27	40	99
91	10	67	69	70	77
92	40	49
93	4	56	76
94	11	14	18	35
95	15	30	46	48	56	62	63
96	16	89	99
97	6	11	97
98	97
99	0	1	11	15	55	90	96