0	3	15	28	39
1	3
2	4	12	26	27	28	39
3	0	1	9	25
4	2	11	31	34
5	6	7	21
6	5
7	5	21	35
8	16	19	38	47
9	3	27	31	42	46	48
10	41	44
11	4	15
12	2	16	29	36
13	15	18	24
14	18
15	0	11	13
16	8	12	17	22	30	43
17	16
18	13	14	29	34
19	8	25
20	41
21	5	7
22	16
23	37
24	13	34
25	3	19	33	49
26	2	32	42
27	2	9
28	0	2	43	49
29	12	18	40
30	16
31	4	9
32	26
33	25	47
34	4	18	24	46	49
35	7	37
36	12
37	23	35
38	8
39	0	2	43
40	29
41	10	20
42	9	26
43	16	28	39
44	10	45
45	44
46	9	34
47	8	33
48	9
49	25	28	34