0	3	15	28	39	51
1	31	39	53	54	55	66
2	15	31	62
3	0	4	16	19	36	50
4	3
5	6	20	42	45	64
6	5	10	30	34	45	49	51
7	21	24	33
8	10	23	30	45	48	54
9	23
10	6	8	35	43	56
11	47	52
12	13	16	61
13	12
14	27	49
15	0	2	18	34	40	50
16	3	12	17	41	47	58
17	16
18	15	32	46	49	51
19	3	53
20	5	59
21	7	22	66
22	21
23	8	9	40	43	64
24	7	30	33	63	65
25	26	60	64	68
26	25
27	14	43	45	59	64
28	0
29	35	43	50
30	6	8	24
31	1	2	44	62
32	18	42
33	7	24
34	6	15	56
35	10	29	39
36	3	39
37	43
38	45
39	0	1	35	36
40	15	23	59
41	16
42	5	32	44	66
43	10	23	27	29	37	45
44	31	42
45	5	6	8	27	38	43	63
46	18	54	64
47	11	16	62
48	8	57	61
49	6	14	18
50	3	15	29	51	54
51	0	6	18	50
52	11	60
53	1	19	68
54	1	8	46	50	55
55	1	54
56	10	34	62
57	48
58	16
59	20	27	40
60	25	52	61	64
61	12	48	60	63	67
62	2	31	47	56
63	24	45	61	66	67
64	5	23	25	27	46	60
65	24
66	1	21	42	63
67	61	63
68	25	53	69
69	68