0	3	15	28	39	51
1	41	49
2	6	7	8	19	35	51
3	0	26	46	49
4	11	25
5	56
6	2	17	39	42
7	2	9	18	38	42	53	57	59
8	2	40	43	52
9	7	40	53
10	11	26	29	35
11	4	10	16
12	40	48
13	15
14	19	24	45
15	0	13	46
16	11
17	6	38
18	7	19	42	58
19	2	14	18	24	34
20	21	39	45	56
21	20
22	58
23	36	39	41
24	14	19	58
25	4
26	3	10	27	46	57
27	26
28	0	38
29	10
30	46	49
31	42	53	56
32	59
33	35
34	19	49	53	57
35	2	10	33
36	23
37	48	50
38	7	17	28	43	48
39	0	6	20	23
40	8	9	12
41	1	23	43	51	58
42	6	7	18	31
43	8	38	41	44
44	43
45	14	20
46	3	15	26	30	47	54
47	46
48	12	37	38	49
49	1	3	30	34	48	56
50	37
51	0	2	41
52	8
53	7	9	31	34
54	46	55
55	54
56	5	20	31	49
57	7	26	34
58	18	22	24	41
59	7	32