0	3	15	28	39	51
1	11	19	33	34	35	46	62	78
2	22	42	45	62	76
3	0	75	89
4	26	29	48	57	77	81
5	8	12	14	46	49	58
6	13	26	33	48	51	57	86
7	75	83
8	5	15	64	69
9	10	55
10	9	53	75
11	1	20	36	42	52
12	5	19	25	36
13	6	37	51	54	56
14	5	33	88
15	0	8	25	69
16	63	66	87
17	26	29	59	61
18	29	33	37
19	1	12	27	29	43	48
20	11	31	39	46
21	49	67	84
22	2
23	36	53	86
24	57
25	12	15	26
26	4	6	17	25	36	76
27	19	36	41
28	0	47	61	71
29	4	17	18	19	31	47	51	80	83
30	65	89
31	20	29	33	67
32	51	54	61	65	77	78
33	1	6	14	18	31	45	46	51
34	1
35	1	81
36	11	12	23	26	27	40	41	51	62
37	13	18	54	88
38	46	84
39	0	20	51
40	36	42	54	68	70	74	85
41	27	36	61	68	83
42	2	11	40	58	74	77
43	19	48	64
44	76	86
45	2	33	51	77
46	1	5	20	33	38	58	79
47	28	29	71	74	78
48	4	6	19	43	64	70
49	5	21
50	55	57
51	0	6	13	29	32	33	36	39	45	59	62	65
52	11	55	71
53	10	23	76	86
54	13	32	37	40
55	9	50	52
56	13
57	4	6	24	50
58	5	42	46	79
59	17	51	68	73	87
60	63	65
61	17	28	32	41	62	63
62	1	2	36	51	61	82
63	16	60	61	80
64	8	43	48
65	30	32	51	60	78
66	16	70
67	21	31
68	40	41	59	80
69	8	15	72
70	40	48	66
71	28	47	52
72	69
73	59	83
74	40	42	47
75	3	7	10
76	2	26	44	53	88
77	4	32	42	45
78	1	32	47	65	83
79	46	58
80	29	63	68	83	85	87
81	4	35
82	62
83	7	29	41	73	78	80
84	21	38
85	40	80
86	6	23	44	53
87	16	59	80	89
88	14	37	76
89	3	30	87